[gd_scene load_steps=22 format=3 uid="uid://bdtw1x5ap65en"]

[ext_resource type="Script" path="res://scripts/World.gd" id="1_le6ef"]
[ext_resource type="PackedScene" uid="uid://by0bl34waerb3" path="res://scenes/camera_rig.tscn" id="2_tfskp"]
[ext_resource type="PackedScene" uid="uid://ds67wkgo3n28m" path="res://scenes/player.tscn" id="3_re32e"]
[ext_resource type="Texture2D" uid="uid://dgytyakhqrwrs" path="res://assets/textures/PurplyBlueSky.png" id="4_4daot"]
[ext_resource type="PackedScene" uid="uid://oeb05tsvdftg" path="res://scenes/finish_area.tscn" id="5_cjr8d"]
[ext_resource type="Texture2D" uid="uid://b2mp3337mgks0" path="res://assets/textures/snow.png" id="7_v8eht"]
[ext_resource type="Texture2D" uid="uid://db7aw3o28vf4y" path="res://assets/textures/rust.png" id="8_tv24n"]
[ext_resource type="Texture2D" uid="uid://b76ew47um1yn7" path="res://assets/textures/water.jpg" id="9_5heio"]

[sub_resource type="PanoramaSkyMaterial" id="PanoramaSkyMaterial_ib02t"]
panorama = ExtResource("4_4daot")
filter = false

[sub_resource type="Sky" id="Sky_tloxx"]
sky_material = SubResource("PanoramaSkyMaterial_ib02t")

[sub_resource type="Environment" id="Environment_lnq4r"]
background_mode = 2
background_color = Color(0, 0.615686, 1, 1)
sky = SubResource("Sky_tloxx")
ambient_light_source = 2
ambient_light_color = Color(1, 1, 0.917647, 1)
ambient_light_sky_contribution = 0.0
ambient_light_energy = 0.59
glow_bloom = 1.0

[sub_resource type="PhysicsMaterial" id="PhysicsMaterial_0iobi"]
friction = 0.5

[sub_resource type="BoxShape3D" id="BoxShape3D_jgt10"]
size = Vector3(25, 25, 25)

[sub_resource type="StandardMaterial3D" id="StandardMaterial3D_lkb3q"]
albedo_texture = ExtResource("7_v8eht")
uv1_scale = Vector3(4, 4, 4)
texture_filter = 0

[sub_resource type="BoxMesh" id="BoxMesh_3g4yo"]
material = SubResource("StandardMaterial3D_lkb3q")
size = Vector3(25, 25, 25)

[sub_resource type="PhysicsMaterial" id="PhysicsMaterial_nlsjx"]

[sub_resource type="StandardMaterial3D" id="StandardMaterial3D_a6gka"]
albedo_texture = ExtResource("8_tv24n")
uv1_scale = Vector3(1, 0.1, 1)
texture_filter = 0

[sub_resource type="BoxMesh" id="BoxMesh_usuy0"]
material = SubResource("StandardMaterial3D_a6gka")
size = Vector3(10, 1, 1)

[sub_resource type="BoxShape3D" id="BoxShape3D_5grsc"]
size = Vector3(10, 1, 1)

[sub_resource type="StandardMaterial3D" id="StandardMaterial3D_wxsyv"]
albedo_texture = ExtResource("9_5heio")
uv1_scale = Vector3(5, 5, 5)
texture_filter = 0

[sub_resource type="PlaneMesh" id="PlaneMesh_m3qgt"]
material = SubResource("StandardMaterial3D_wxsyv")
size = Vector2(250, 250)

[node name="World" type="Node3D"]
script = ExtResource("1_le6ef")
num = 5

[node name="camera_rig" parent="." instance=ExtResource("2_tfskp")]
transform = Transform3D(0.993735, 0, 0.111764, 0, 1, 0, -0.111764, 0, 0.993735, -56.1798, 23.5786, 10.3864)

[node name="Player" parent="." instance=ExtResource("3_re32e")]
transform = Transform3D(-4.37114e-08, 0, -1, 0, 1, 0, 1, 0, -4.37114e-08, -56.1798, 23.5812, 10.3864)

[node name="WorldEnvironment" type="WorldEnvironment" parent="."]
environment = SubResource("Environment_lnq4r")

[node name="finish_area" parent="." instance=ExtResource("5_cjr8d")]
transform = Transform3D(1, 0, 0, 0, 1, 0, 0, 0, 1, 4.62536, 14.0035, 5.88955)

[node name="StaticBody3D2" type="StaticBody3D" parent="."]
transform = Transform3D(1, 0, 0, 0, 1, 0, 0, 0, 1, 2.12536, -3.43049, 3.38955)
physics_material_override = SubResource("PhysicsMaterial_0iobi")

[node name="CollisionShape3D" type="CollisionShape3D" parent="StaticBody3D2"]
transform = Transform3D(0.853553, -0.146447, 0.5, 0.5, 0.5, -0.707107, -0.146447, 0.853553, 0.5, 0, -3.72603, 0)
shape = SubResource("BoxShape3D_jgt10")

[node name="MeshInstance3D" type="MeshInstance3D" parent="StaticBody3D2"]
transform = Transform3D(0.853553, -0.146447, 0.5, 0.5, 0.5, -0.707107, -0.146447, 0.853553, 0.5, 0, -3.72603, 0)
mesh = SubResource("BoxMesh_3g4yo")

[node name="StaticBody3D3" type="StaticBody3D" parent="."]
transform = Transform3D(1, 0, 0, 0, 1, 0, 0, 0, 1, -58.822, 5.966, 7.81422)
physics_material_override = SubResource("PhysicsMaterial_0iobi")

[node name="CollisionShape3D" type="CollisionShape3D" parent="StaticBody3D3"]
transform = Transform3D(0.853553, -0.146447, 0.5, 0.5, 0.5, -0.707107, -0.146447, 0.853553, 0.5, 0, -3.72603, 0)
shape = SubResource("BoxShape3D_jgt10")

[node name="MeshInstance3D" type="MeshInstance3D" parent="StaticBody3D3"]
transform = Transform3D(0.853553, -0.146447, 0.5, 0.5, 0.5, -0.707107, -0.146447, 0.853553, 0.5, 0, -3.72603, 0)
mesh = SubResource("BoxMesh_3g4yo")

[node name="box" type="StaticBody3D" parent="."]
transform = Transform3D(0.962613, 0.25744, -0.0842632, -0.234004, 0.947006, 0.220053, 0.136448, -0.192108, 0.971842, -50.6019, 20.9154, 11.367)
physics_material_override = SubResource("PhysicsMaterial_nlsjx")

[node name="MeshInstance3D" type="MeshInstance3D" parent="box"]
transform = Transform3D(0.999999, 2.38419e-07, 5.21541e-08, -1.82852e-07, 0.999999, -5.96046e-08, -2.80489e-08, -4.47035e-08, 0.999999, 0, 0, 0)
mesh = SubResource("BoxMesh_usuy0")

[node name="CollisionShape3D" type="CollisionShape3D" parent="box"]
shape = SubResource("BoxShape3D_5grsc")

[node name="box2" type="StaticBody3D" parent="."]
transform = Transform3D(-0.818379, 0.206419, -0.536327, 0.299567, 0.949667, -0.0916055, 0.490424, -0.235634, -0.839024, -42.3849, 17.9756, 10.0316)
physics_material_override = SubResource("PhysicsMaterial_nlsjx")

[node name="MeshInstance3D" type="MeshInstance3D" parent="box2"]
mesh = SubResource("BoxMesh_usuy0")

[node name="CollisionShape3D" type="CollisionShape3D" parent="box2"]
shape = SubResource("BoxShape3D_5grsc")

[node name="box3" type="StaticBody3D" parent="."]
transform = Transform3D(0.784248, 0.401027, -0.473428, -0.279358, 0.909553, 0.30769, 0.553999, -0.109049, 0.825344, -34.9836, 14.9263, 10.6712)
physics_material_override = SubResource("PhysicsMaterial_nlsjx")

[node name="MeshInstance3D" type="MeshInstance3D" parent="box3"]
mesh = SubResource("BoxMesh_usuy0")

[node name="CollisionShape3D" type="CollisionShape3D" parent="box3"]
shape = SubResource("BoxShape3D_5grsc")

[node name="box4" type="StaticBody3D" parent="."]
transform = Transform3D(0.886792, 0.36337, -0.28559, 0.269637, -0.90864, -0.318854, -0.375361, 0.205752, -0.903753, -26.9816, 14.8671, 10.929)
physics_material_override = SubResource("PhysicsMaterial_nlsjx")

[node name="MeshInstance3D" type="MeshInstance3D" parent="box4"]
mesh = SubResource("BoxMesh_usuy0")

[node name="CollisionShape3D" type="CollisionShape3D" parent="box4"]
shape = SubResource("BoxShape3D_5grsc")

[node name="box5" type="StaticBody3D" parent="."]
transform = Transform3D(-0.934004, 0.00497263, -0.357229, -0.283811, -0.617658, 0.73345, -0.216998, 0.786431, 0.578306, -20.0345, 17.0452, 11.545)
physics_material_override = SubResource("PhysicsMaterial_nlsjx")

[node name="MeshInstance3D" type="MeshInstance3D" parent="box5"]
transform = Transform3D(1, 0, 0, 1.49012e-08, 1, -2.98023e-08, 1.49012e-08, 0, 1, 0, 0, 0)
mesh = SubResource("BoxMesh_usuy0")

[node name="CollisionShape3D" type="CollisionShape3D" parent="box5"]
shape = SubResource("BoxShape3D_5grsc")

[node name="box6" type="StaticBody3D" parent="."]
transform = Transform3D(0.901351, -0.0499773, 0.430195, -0.430042, 0.0143189, 0.902696, -0.0512741, -0.998648, -0.00858598, -11.4323, 15.9799, 12.3227)
physics_material_override = SubResource("PhysicsMaterial_nlsjx")

[node name="MeshInstance3D" type="MeshInstance3D" parent="box6"]
mesh = SubResource("BoxMesh_usuy0")

[node name="CollisionShape3D" type="CollisionShape3D" parent="box6"]
shape = SubResource("BoxShape3D_5grsc")

[node name="box7" type="StaticBody3D" parent="."]
transform = Transform3D(-0.434296, -0.850925, -0.295487, 0.181693, 0.238542, -0.953984, 0.882255, -0.468, 0.0510098, -6.25424, 13.4902, 8.43208)
physics_material_override = SubResource("PhysicsMaterial_nlsjx")

[node name="MeshInstance3D" type="MeshInstance3D" parent="box7"]
mesh = SubResource("BoxMesh_usuy0")

[node name="CollisionShape3D" type="CollisionShape3D" parent="box7"]
shape = SubResource("BoxShape3D_5grsc")

[node name="box8" type="StaticBody3D" parent="."]
transform = Transform3D(0.979213, -0.0809278, -0.18599, 0.0775683, 0.996666, -0.0252801, 0.187416, 0.0103278, 0.982226, -0.0514841, 12.778, 5.26382)
physics_material_override = SubResource("PhysicsMaterial_nlsjx")

[node name="MeshInstance3D" type="MeshInstance3D" parent="box8"]
mesh = SubResource("BoxMesh_usuy0")

[node name="CollisionShape3D" type="CollisionShape3D" parent="box8"]
shape = SubResource("BoxShape3D_5grsc")

[node name="MeshInstance3D" type="MeshInstance3D" parent="."]
transform = Transform3D(1, 0, 0, 0, 1, 0, 0, 0, 1, -5.79434, -11.0106, -3.78625)
mesh = SubResource("PlaneMesh_m3qgt")
